59971
191442
134377
174642
181429
177834
183526
180453
171996
171485
161321
165987
168926
169841
178220
175260
179790
178043
173329
178476
167423
154571
140307
135515
160334
182581
137016
174293
180683
202900
165230
167686
189679
199603
184632
177547
196949
177479
167888
184258
189626
187402
181658
191488
190769
178825
184946
188320
180971
224033
151497
167916
153163
171724
173436
184072
203456
202610
179949
175028
191282
199165
180683
173200
178909
183436
186289
183570
184017
207769
156665
184837
180587
169201
169973
185683
178346
187442
183371
177891
184273
169971
180582
179738
188078
202530
179997
180181
157995
173639
177122
183102
188000
186147
177452
179293
184464
186947
198544
201609
185898
133815
174355
182988
179588
176960
170708
174147
173852
183431
163866
171327
198989
189405
181632
192733
183203
182920
198637
192897
188738
157401
183176
184440
188584
190145
181455
195118
192701
194777
187280
173410
198243
183288
208950
159541
169861
170233
173106
191049
175810
179318
181113
207807
180468
197916
163649
216453
160986
218215
3299
3279
38640
130741
134598
144837
159106
169792
174599
117347
132264
134134
99289
153940
102921
170886
90831
143202
178154
164784
153550
130697
133887
121389
154237
183737
199013
157840
205288
186998
183761
204988
161287
166056
183443
195274
195088
166133
171732
183719
133436
128807
102671
102603
159283
120030
150002
147316
155253
148364
158879
169102
181945
179674
159847
168238
165282
177477
172930
179466
176418
169876
143337
156651
131272
128184
172477
130861
146361
140853
135565
141366
170041
105173
96137
138281
152135
153478
174744
186159
203757
176095
197370
191243
171526
188677
190193
182966
187387
112216
119255
119918
122921
160262
159195
158492
159716
203673
172416
178468
149424
193067
201669
175360
155132
132250
136113
154436
122415
150235
92259
132353
163681
97653
99347
107909
147856
188059
145999
137764
185088
170699
156880
156985
200748
132315
132938
146156
132434
137248
162141
216267
164640
188422
206716
196373
172326
147641
133441
126605
130407
123428
190332
101758
63982
163992
162585
178876
188703
177067
170003
180820
173226
186935
152111
121063
153054
181113
195367
174910
166978
185181
186298
203097
176062
144385
213644
186607
157127
195773
119512
125926
137932
142916
116769
185379
170081
190849
148083
186818
180907
183166
181901
216628
153871
201194
153160
166091
196194
170241
201228
182049
183162
184369
179395
183407
178423
169406
178839
175386
180611
191018
155446
166012
159656
165246
166387
163865
156351
97119
98345
100417
92662
150548
138901
121148
126133
137111
124876
186025
183949
171165
192290
113664
106037
85401
101812
177422
202653
180461
125686
179708
177282
212742
148048
178395
134475
165622
179901
181730
191571
181757
189445
183433
182113
183358
220155
164393
171364
167544
181684
193018
190456
191732
193266
186449
179193
201984
184333
162073
175742
197175
182922
190671
202837
168947
173085
181220
198626
175455
180620
172242
188511
190514
161329
147438
162452
182563
89736
169366
158989
176912
180017
171234
178888
183173
179712
187525
179985
183015
178177
181922
183544
190365
163016
188783
184787
192718
188220
173672
176875
181631
176664
175018
181920
187377
180737
204036
177461
184626
199337
169750
170010
183500
179322
179803
177253
176196
206724
192501
164504
174495
185176
193234
201304
177153
179613
141161
168049
184999
188115
180824
200287
191850
198628
172180
188123
190074
159918
172950
188300
190077
184756
182739
190645
185072
183660
180615
201658
191299
189993
209200
147382
165104
186193
199551
205680
161429
167900
197447
193396
188168
174191
196834
181501
206230
183107
169215
182598
242329
118601
205309
162968
162335
188458
210783
194036
168100
176213
177597
170896
177697
140106
168864
165795
175378
177751
183922
187995
175536
178908
174545
172944
152037
164054
143516
152487
163595
166761
165934
168762
170117
172735
170638
171944
170879
166899
164848
161074
160236
168041
168935
136098
107162
50050
139196
25175
25640
42180
42890
43616
40884
114141
21887
10174
19825
34076
28321
37937
28027
22496
31461
48395
73312
37214
26438
34797
80074
35399
14817
23226
34448
57845
71482
83237
103297
120861
129633
124674
128460
125599
115423
121062
116641
101701
94256
94565
99608
94588
90652
91820
87370
102921
106845
115615
119237
113235
129368
165180
189549
182397
184775
178836
178216
176626
169127
175509
174344
168149
165964
175643
167424
171724
165480
171987
169397
159822
162656
156421
154395
131562
39759
20511
20694
65869
75815
86151
23124
23365
23665
23743
88835
64352
