17549
48688
35909
45943
49604
47743
49160
52156
48095
46918
42332
44318
44690
45840
47278
49172
49872
48723
46895
44640
42320
37782
32695
31059
39316
48046
39368
44192
48222
54791
43779
49118
48830
54264
49135
48872
50485
47637
43745
48226
48721
49211
49417
48969
48263
49186
48875
49229
48400
55467
41880
44528
40202
45439
46540
50246
53195
51565
50997
47266
49817
51906
49780
47382
43818
47327
47579
47391
47985
51593
42672
52026
47076
42202
43514
51699
47408
52514
48291
46982
52449
45580
49456
47859
50325
49511
50054
48737
41998
43894
44370
49172
50252
50650
45808
46460
48631
47480
55961
51248
48464
36219
45519
49703
47847
48542
44052
45260
48690
48680
46897
47423
51162
52043
50420
50046
47724
52664
52406
50007
50004
41596
46940
49256
49036
49605
47982
50903
53018
50307
50433
46411
51341
50515
55258
44065
47350
45818
44105
50500
47810
50619
47114
52971
49589
54646
44969
56239
42259
60255
1100
1094
11535
42749
38415
42472
44812
45828
45154
39743
35272
42433
23648
47018
28701
46538
26489
39282
48722
42473
44681
38398
40770
35528
45364
49861
57384
40946
52195
51426
49822
55560
46470
43764
50092
50904
49430
40256
43260
48773
37336
36284
30038
28732
44700
28775
36115
35068
39013
37390
40249
42076
47112
46874
41754
42722
41935
47174
45686
48628
47093
46179
39186
43483
41287
39522
49090
37656
40355
38893
36741
35808
44429
26769
26437
40352
45108
44884
49581
49256
53242
46303
52494
53322
45136
51838
49406
50058
55732
29139
31409
32416
35480
44640
43439
45755
43534
53858
44659
50252
42116
51657
55079
47589
43169
37874
39657
44238
36794
44679
30163
39363
48574
27096
28807
30590
41022
55234
40387
37504
51949
50697
47631
44374
56984
38291
40206
37755
33854
34296
42057
58682
43694
50242
55206
52755
46462
42718
40127
37189
38229
35130
49029
28666
19084
43980
46061
49611
51003
46668
46330
49202
47717
51316
40606
32801
40833
49399
52419
49974
42667
52064
49275
54665
45975
44901
56099
50801
41369
51983
39938
43404
50112
52139
40523
48888
48615
50635
38162
52164
50002
48880
46636
56710
44268
52732
40375
43614
49867
47925
53657
47834
49686
48962
50608
50021
48985
47531
49156
47121
51049
54083
44263
44604
43635
43405
43961
42268
41923
27792
29098
29643
26451
40425
39205
33259
35106
39396
35263
55015
48930
43917
53524
33121
30455
24568
29161
48349
52581
51350
34077
46975
48963
55835
37025
48581
38168
43486
47471
48213
47168
48898
48009
48150
48889
46946
59013
45073
43611
46404
49457
50019
49877
49986
53381
50528
48654
50606
50861
47950
45373
53249
47980
50850
51545
46312
51989
48163
51876
50010
47323
46827
50940
51268
42893
39564
42707
50017
20398
44770
43100
47757
48001
46107
47473
49387
47722
48773
49684
49720
49507
47923
50944
51045
42156
49703
53362
47820
53096
46460
47062
49393
49150
46224
51952
48393
47890
53241
48121
49888
53841
46960
46420
48716
48740
50524
49058
46709
55091
52646
42731
47195
50736
50544
54238
47650
50008
35048
43710
48570
49920
47181
52981
50062
55747
45005
50634
48502
45436
48448
48974
49507
50430
49253
47831
50165
49491
48938
51201
52288
49956
54491
41739
47993
46011
51012
54771
45361
49179
50610
50603
50937
50014
52124
47696
52341
50416
46306
48474
63150
33993
52628
43830
45928
46237
53986
54802
44292
44395
46685
45954
46438
36933
47090
46311
48061
48971
50739
48349
48598
49289
46962
46260
39037
44589
40320
44054
46956
47112
46032
47131
47804
46802
45397
46192
45954
45357
44486
44073
44644
44603
43562
34549
27383
12530
42002
8861
9031
14647
15120
14983
14034
31240
6247
3320
6347
11176
8423
11951
8667
7692
10584
15193
22363
12080
9525
12245
26057
11873
5496
7013
11633
18063
18517
22876
28877
31946
33273
32204
33880
33520
30949
32971
30701
27746
25562
26529
28418
26631
24953
25469
25501
29535
28001
32239
32342
30258
36158
44284
47192
48204
50139
48040
48954
48881
45618
47527
47724
46877
43859
46741
47607
46937
44258
46329
45739
44274
43043
43454
44695
38852
12167
6848
6805
19655
21069
25868
7721
7739
7756
7756
24421
16347
