230840
872980
471051
431015
454486
447628
428600
428298
412229
401281
373226
370064
380022
404533
434027
455133
469460
446758
409502
382695
361140
328973
302068
287198
377076
447456
354725
483965
767849
1104841
856756
996487
953076
972399
827477
747695
1116301
958296
893012
1032756
1027625
1021442
1002126
1006629
1023627
969082
1016320
960017
961424
983190
361482
353966
319952
351084
350760
708536
756177
824180
781556
762637
837709
868105
761891
668738
582606
599437
582804
590974
600782
646011
406241
511629
477623
408386
428290
496675
488375
546698
514834
499741
700909
622099
643941
649001
681129
684341
688304
772897
654246
765872
753068
844716
873658
784391
658537
853270
966268
855452
1148819
1028024
1036834
725287
890638
984276
722720
924972
746446
861040
1078054
831635
813867
1063339
1056248
1009095
971110
992240
979857
978079
1031043
1043340
1044432
844211
1030536
1013573
1004568
1036715
919375
1039178
1031697
1036253
1017054
934616
1029594
988714
1156716
836117
898379
846950
845826
979674
1029207
1003058
962819
1139211
980685
1078496
884479
1115342
905373
988589
6751
6722
329310
569049
364410
364054
380961
394021
436978
603030
358888
474315
232664
511915
222236
570879
246345
446624
591397
412999
328354
252534
264909
237029
323366
401416
513414
419895
755914
1047266
1057036
1113910
712988
428337
445569
425343
414078
350786
360293
380454
276667
265921
215037
214577
358248
294566
331970
295999
325972
301172
321646
342970
365391
374302
336235
352447
338468
376926
371497
402780
394715
379734
303307
353981
287796
250987
363811
286780
305574
290190
282004
307569
369713
230751
205925
267628
298432
290916
327616
360908
423171
363677
394968
394662
335510
382484
405492
380173
416886
233603
245384
249471
284482
358476
333216
370441
332429
432472
374097
406759
326330
407809
452745
372413
310824
262807
271516
298797
224089
284115
166139
237298
303057
186660
190044
211642
287438
351737
272538
278503
339948
313815
292640
314891
437023
259505
258759
291600
266446
271957
342081
654326
433079
411660
456595
467587
406102
302398
266840
253702
258824
246623
437408
266734
260095
418193
432663
545760
607434
539222
449600
490995
477085
464944
313343
314450
507699
656528
838834
808173
806577
1050505
978359
1074494
872621
975293
1157590
1001874
806782
606565
236783
250358
276867
273754
226391
563988
982248
838899
610218
752908
868642
727219
667528
834716
580747
529975
350603
396616
516560
485010
756478
747790
702391
637475
627289
566511
557064
561959
636089
692002
747380
806629
601801
363198
365140
364358
365125
359306
333965
197954
195038
202838
188991
313930
278462
234224
246077
268272
244934
391433
505074
409913
404008
226188
214609
170006
206062
417745
710075
774086
749958
860908
938142
1040244
680678
542352
444047
873321
1057856
1011356
1014828
1021949
990365
985564
972920
993882
754855
493821
532293
823342
814100
812063
811297
804586
792993
824778
799153
781786
662737
649013
750718
797094
716331
762832
726321
650362
795266
735980
889284
829106
883463
813766
848822
615577
358468
317165
345853
427518
394509
1044966
834460
741781
746198
692527
730244
787915
770203
779500
762906
751658
777892
659473
728980
746189
850322
920576
984636
969539
926488
848175
761015
596695
433314
495871
498521
526476
633719
881648
802691
818890
895353
709214
502103
484540
459856
478613
517036
849450
920747
855611
661649
629877
815339
753895
705573
612112
524671
352780
418824
603201
961256
976266
1081782
1053361
1048300
809825
833960
859487
1005098
996711
1059983
1046769
995062
994825
1036545
881331
1068791
981765
1054302
1003663
1019785
1055387
489767
396355
546788
738126
1032318
916844
1074031
1067602
1019581
1005876
902250
1041025
948015
977492
904665
858858
835066
1234304
493617
999814
630685
458610
1041802
1060161
1013572
771301
664372
579008
503197
413126
289155
572391
541694
583416
549211
509284
490101
469771
456328
402339
392524
373282
388199
270070
278394
298764
308737
308873
317443
326645
335121
334826
338372
335459
330021
320640
314569
314636
331782
338657
271647
204823
95817
258623
41373
42047
70723
68142
72103
67648
211466
35902
17520
33920
56130
47582
66587
47468
34487
50077
84382
134700
64377
43755
55819
137919
59810
25599
41279
60585
101205
123200
145493
184268
216418
225346
221120
232627
224504
203425
215337
206418
178464
159848
163092
182028
167217
158188
157860
154136
181203
187220
203824
211528
204394
231786
344959
407202
483121
579277
644505
687394
777796
845644
895592
904990
896343
933282
915759
929570
946530
949964
970077
959805
922580
793639
662901
577085
454535
90107
37132
37132
126082
168844
166986
38994
38995
38994
38975
159056
113401
