149258
524908
337044
410771
442511
442172
418055
415214
399686
388119
363433
368327
375544
397803
424664
445830
458327
437541
404969
382695
361140
328973
302068
287198
370069
420325
324249
436509
474490
544952
441735
491247
494140
525985
488944
476834
555688
472527
439254
511521
515717
516045
489598
509471
503235
494775
505180
486864
490077
612796
336698
348360
317141
351305
349935
503154
555245
526442
480203
476212
515738
529879
495694
467607
469247
504976
501160
501632
509828
499879
375574
487491
454275
397215
405149
467921
451586
508509
472069
466453
484485
484231
506737
514868
517817
504522
493016
419707
468961
495815
492013
520771
506683
488038
472511
510346
526653
462205
547558
519993
505423
372557
473920
516104
451869
464806
477373
454232
453940
479277
476354
484788
539102
498438
483510
510285
505596
480874
523986
522115
496027
423850
523658
502954
497901
527908
458823
518216
515645
516484
519663
457491
505600
506501
569288
426820
467149
471017
477644
483829
507583
506094
496829
564868
473013
524577
456699
573516
446988
543433
6748
6719
125333
404101
348979
362986
378009
386496
390164
319913
323589
334764
224984
384640
216370
408306
213452
348476
441271
398948
311477
247421
255531
224928
306282
401559
502639
411263
556518
508777
501290
550118
417894
398073
432170
420895
412385
350877
361119
372927
275727
265474
214991
214600
344809
281008
319255
291652
318946
295630
317818
338353
365391
374665
336235
352447
332538
371576
365361
397078
388757
373747
299607
322801
280025
248364
351394
274007
292143
275117
267200
300040
363897
217906
203572
266702
298922
290570
328815
360908
422912
363677
394968
389317
335510
382484
405492
380173
412759
230784
245384
249471
267824
350733
332557
339936
328492
428863
372709
398733
320667
407899
452745
372413
310824
262807
269347
296781
224089
284387
166139
237298
303057
186660
190044
211642
287438
351737
272538
272411
339948
313815
292640
311772
425773
259505
258759
287774
266446
271957
341277
550865
417556
411054
458139
466995
406429
298612
266320
253702
258824
246623
428827
289267
154055
373414
392035
488589
509489
461140
421518
438466
446008
441843
313611
274488
410610
482182
488970
478101
449987
507457
497626
545047
471364
396788
571268
503524
436589
502427
228841
247585
277447
270249
225742
437736
490939
490884
393219
526907
504093
486330
451768
580582
457628
471871
345785
390341
481455
472161
562321
487926
482861
500312
481615
490443
478797
457598
487912
482685
488168
516019
434656
346966
359117
358589
356473
354354
318509
197776
195038
202896
188991
310202
274068
234224
246077
268272
244934
388781
477642
404811
403083
226260
214813
170636
206135
391138
552585
486182
380375
504899
503961
550411
459120
469288
362101
456376
522270
509354
489227
523197
502244
495322
500480
518562
533288
437396
451012
463612
502689
521313
521783
510287
500861
502877
474463
541678
473616
430033
479635
516333
496791
518044
562919
415553
455256
499301
528697
475513
486263
477870
538375
492924
346519
313341
336278
400807
233391
504690
416679
481745
514001
485821
504102
528787
481843
502730
485718
502827
499330
487962
505334
490246
466452
519729
510846
502217
485943
491761
483381
486019
407719
441871
462628
471544
491293
535378
478259
497473
520536
448304
454456
473602
454041
469045
450972
495877
565695
487956
446441
471218
485188
523333
545529
468055
481518
322033
397758
499510
530029
457733
531949
521174
523332
463598
510362
508388
426400
468216
525379
516796
494633
496411
508691
476153
515724
488022
540158
503525
506356
562416
390618
347132
501367
524853
541015
420402
499849
546866
518528
489325
455657
525415
502679
549152
464251
467994
489132
651925
311496
577013
442253
415098
530305
534952
529682
454507
471556
485637
470381
397168
288771
490520
481092
502011
497874
494532
479277
465906
453175
401387
391625
372276
378143
267151
277489
298655
309398
310120
317399
323094
328785
326797
329880
331693
325209
318432
314569
312525
329566
335374
268356
204823
95817
257492
41373
42047
70723
68142
72103
67648
211059
35902
17520
33920
56130
47582
66587
47468
34487
50077
84382
133226
64375
43755
55819
137919
59810
25599
41279
60585
101205
123200
145493
184268
215458
224312
220565
232027
224029
201652
213251
205613
177978
159848
163092
181002
166932
158015
158181
154136
181222
187266
202707
211429
203749
231567
345449
405826
467728
505346
501733
488438
502358
494726
534489
481757
482372
510717
490612
493443
473416
484552
487670
493734
481735
456249
439807
405682
315686
81349
37205
37084
123646
141490
159889
38891
39021
39029
38945
159041
113401
