114071
315129
232228
294156
311888
325904
311724
311027
307741
299955
285035
293956
291274
294062
299721
305441
312747
314356
304135
311764
304761
307450
296442
283174
328358
309089
213128
295573
289485
328779
286662
264530
310986
329733
305789
300055
335720
296919
281807
318566
321137
315174
306763
317769
315645
304823
316199
305549
308439
393583
255240
302811
295642
325656
288883
306173
355468
326826
297514
291388
323292
332597
306709
283731
294909
308818
309406
309017
318178
332352
274777
300457
310119
300038
289701
303538
303723
309900
303126
304371
306627
298536
315216
315549
327845
318643
305197
275746
265332
297911
296059
311383
318151
313004
293108
308629
319830
305284
335431
325896
308359
235897
300707
318769
296547
280353
276294
290140
299541
299158
285673
288593
330666
313676
306933
322142
313750
301904
329425
325598
311830
267035
320122
319918
313595
328321
287236
327140
312241
321128
319929
297334
332925
301607
355961
272358
282657
284762
299007
310863
318248
317069
309941
340592
297230
317445
289154
358295
280674
358295
6719
6719
61808
204398
231287
273354
278259
291679
297998
206825
281877
234635
196669
245994
191577
303602
175270
246730
324133
281415
277451
234198
246154
225943
286106
301983
344659
272375
342166
313016
314140
343007
260653
278132
321916
330103
319982
306930
311667
311880
246752
256749
211763
210400
286872
253299
275741
268207
300118
276247
298307
301457
316194
311385
284368
300169
283903
312878
305072
310734
304471
306405
266971
258839
245168
233394
298637
250659
277290
265163
251547
267318
321024
203413
180023
261755
283844
290335
303889
324866
323710
297485
330608
316002
303684
311349
317871
303908
335831
213374
240494
245784
248631
289974
301575
272185
279550
386321
254252
270338
257601
335123
346219
300368
295517
259640
261403
291035
216984
276337
165303
236667
297335
183052
190596
210984
287427
346211
261346
243518
325722
315079
290643
293139
349341
251842
249224
286936
265700
271024
292032
355401
275320
330147
337595
327827
301305
263336
261018
250797
255123
245256
345148
162406
109394
266200
284489
308122
315565
288639
283706
293030
287135
319630
279505
210713
266726
307643
322922
280772
293192
312981
312591
342780
288653
197804
334998
328104
258924
342728
216765
243312
270930
265487
225327
313319
260201
311267
215960
326463
318516
305730
285126
358872
284360
316297
258760
270123
322946
279762
321605
295351
302297
294460
278468
284324
286126
262822
284246
281392
278492
297057
242781
299063
277851
289168
285811
284249
288556
194603
194838
202961
187241
291475
272351
234827
247112
267286
244610
330446
305237
304051
341255
221451
214679
170639
205888
300720
321387
285901
201096
297680
303616
358803
255140
313449
215685
253816
311790
313878
324001
311638
320824
305593
319824
313268
362577
261455
291767
259374
301551
319986
324669
318968
314415
308641
299767
340991
277947
241873
284683
318827
308676
318577
358876
267006
230925
296093
307538
287345
299216
295521
320301
316736
288181
278583
308061
312411
160984
280995
264080
301819
312797
309978
319358
318908
309238
312734
305760
313247
315281
297137
317174
301383
290109
320419
323291
315890
317045
299311
288563
300907
291249
292594
296547
316034
295978
340025
296981
315269
333920
268724
290607
311328
307225
318398
310475
298246
350310
304790
286207
297052
290928
322452
346982
292901
294884
276137
288106
307895
315083
297604
331940
330758
324628
276266
325926
323904
243885
267161
312355
321379
313219
305327
314266
301380
316873
307055
348996
316267
316359
343685
248335
279843
314682
328377
330681
257517
290940
325534
317701
303771
288640
330089
313097
341691
285230
287828
300615
406429
179483
334513
258263
284485
320402
332335
341162
281613
299123
302777
307401
292818
263760
294482
289457
294095
298051
317886
312570
295560
306626
314679
296116
283767
283667
245189
271104
294494
297498
294080
300832
301644
300115
293626
298186
296271
296467
293775
295142
298317
308955
303635
263742
201554
95862
229374
41608
42047
70723
68142
72103
67648
186906
35441
17506
33920
56130
47582
61695
47468
34487
49591
84382
109236
61597
42866
55054
136706
59547
25599
41279
60585
101205
123224
145625
184278
213588
222199
215000
227320
219353
197112
209032
203759
175403
159411
161234
178306
165186
157054
156986
152660
181110
184747
202132
209606
201628
229090
300573
301477
304223
312662
306755
302718
293309
293316
283614
302073
309697
293338
273788
289886
279628
286797
269095
290574
279724
281371
266484
263479
226929
67697
34843
35755
106207
114667
140524
38839
38835
38970
38767
153489
110464
