44430
111520
85454
106200
109607
112866
114592
114964
108839
105687
106965
104258
104366
104722
105937
108301
107552
112903
107722
112261
114090
115148
111213
109982
119902
111165
79189
104866
108585
118276
110659
83653
108231
117579
110716
108992
115517
104234
104057
110655
112965
113676
111275
114050
113207
111016
111978
110295
107107
131231
94299
108547
107840
113794
106311
107178
125556
116340
107734
104235
112126
126440
109853
98172
101940
102891
104711
105207
104469
111424
105677
115233
104413
107781
106440
111896
109320
115263
107387
112388
108088
104751
112299
107450
113891
110145
116138
108208
90447
91025
102615
107925
111018
113666
102695
101813
110827
105788
121095
117238
111764
81763
102772
114402
108220
101224
92021
108346
102911
107429
104131
91695
116867
113532
112147
115299
110899
111139
120617
115056
116702
91858
109358
114832
113644
116626
104960
117719
110826
116698
114570
107311
120430
107903
125196
96552
101406
103062
104064
114593
105928
109768
109882
121327
108363
116556
97492
122234
104317
134117
3279
3279
27363
76428
88001
93813
102108
103911
109560
79872
91934
89309
82713
103927
80672
112453
66848
93486
104757
96775
107437
99723
104623
94725
107035
105958
123559
92482
116944
115902
111232
125104
96517
97370
112740
118177
112307
114512
106129
116295
96661
105253
92890
97578
108486
96155
103765
105507
106502
105698
106177
105372
112104
110795
103901
105278
102602
109300
104362
106215
107799
105985
102399
96928
98340
97018
112321
106116
107441
103476
96911
102169
124730
87117
76170
106327
106578
110009
110864
110410
117294
99903
115369
112187
113290
107161
113342
108327
125715
82159
105234
107380
103245
104764
106561
90304
105149
129702
96954
91458
91341
105075
121983
111909
107232
118432
105846
122771
90254
124068
83572
103459
115666
74461
96447
107170
117051
126820
90383
88292
115178
108100
117471
107128
125150
99368
108111
106118
108146
114270
99650
129137
93419
112054
123519
113187
106127
91102
113737
108863
106316
108010
136645
53899
38675
94931
100049
106877
115474
103900
104741
106715
103717
114240
115430
93387
93923
113256
116851
101478
99274
108694
112913
122180
103242
75603
115545
116871
85870
114597
95707
99845
106263
103755
106377
112557
90174
113031
69549
105929
117255
108137
105082
130059
93472
116200
98048
97504
111242
100939
108824
103610
105079
102545
101944
101877
104149
95138
99443
99528
102657
107142
81131
105562
101139
101371
102383
102026
113181
86858
97801
100336
90428
110195
113096
107384
115911
120645
99409
119625
107983
102789
131688
90106
101367
84935
98028
107562
113538
97029
57633
95271
106694
127232
75762
104684
67424
87838
102212
105630
108116
107633
107658
106777
107703
110016
130983
97105
107435
91416
103789
111054
113648
113928
115680
111150
106806
119599
109277
89234
101403
112150
107719
112698
127712
98791
86239
102522
112074
104690
103093
103833
113423
111691
101249
101590
109603
123560
54395
98054
92458
104579
104341
104467
107292
112946
107714
109174
103681
107534
111576
106148
109365
113070
92792
110552
117158
110256
110814
106218
106794
104310
102919
106805
110918
111952
108223
121366
105300
114176
121328
98045
100146
107422
107086
108328
111118
105011
120151
115249
102416
109139
107731
107836
121002
103515
113141
102869
101133
102628
114050
110688
112658
114400
122454
96197
116620
110043
94349
90243
101489
111942
108452
107642
109236
111774
106952
105790
119441
115193
111679
123096
92506
106270
107590
114069
124002
101002
88524
104879
111473
111160
101747
114350
109422
124896
103443
103124
107966
142259
70339
116088
96079
102814
112179
120654
118899
99416
103493
105410
102699
105934
94081
100220
99072
105187
105072
108279
105852
105110
106588
104309
103545
101243
100446
102648
103070
108812
106515
105244
106158
104514
107066
104665
104003
106534
105581
103215
104759
106297
106094
110599
108059
103520
49367
92034
24284
25799
42216
42909
43187
39544
70533
19568
10153
19628
33008
27964
30526
28027
22474
31357
48200
59215
37396
26441
34797
75825
30911
14817
23163
34448
57845
71482
80946
101662
110049
112216
107653
108067
111948
106269
111501
112072
99485
91894
92439
95835
92969
88680
89256
87803
100101
104439
110500
108760
103890
110741
105527
112685
109101
107144
108113
104460
104750
101418
104014
104688
100163
105588
102181
105332
104275
103340
102212
100693
97140
97442
94839
95172
90000
32157
17919
17386
53647
54901
67972
22879
23157
23347
23688
81101
57497
