10921
14043
49674
905559
795384
692189
354182
348986
430775
474607
512570
433852
388896
763290
714549
958566
1005607
945979
698849
686235
345024
194318
39699
249166
392729
538543
552571
376484
545491
565154
481429
354967
407315
396915
374096
486276
482869
485153
557886
352073
485834
613892
485184
465441
312334
264156
326392
392238
412267
324038
409719
506647
527857
581909
641990
592016
642748
474464
493274
412777
376222
775053
841077
611842
636915
598989
437038
585115
741378
985348
906692
961740
955260
952923
783259
663246
634132
671046
904502
799010
598847
554984
492279
599684
815397
973589
941950
990618
897607
967785
964142
794067
803910
687121
678592
775018
824411
762329
904884
761385
915626
898251
975987
618834
600313
350357
325832
457818
339039
308421
641776
713187
535243
467691
676818
547185
680850
630578
509339
454089
426583
335808
467517
514588
608851
677632
785519
619840
459239
431315
521916
342775
338486
475413
529142
384200
452586
391491
870529
811000
796745
978275
464699
474409
803533
981480
780699
704580
653559
476052
658161
591226
727453
859406
676038
960402
1036510
890839
1030592
952596
772283
889067
637541
976533
964076
952354
871926
1028809
790778
620164
881882
717205
589061
675579
983771
918388
581469
440449
388021
670631
941988
579725
557976
496445
421082
368287
610922
519009
602115
756787
1050521
896034
1012937
956283
952546
946778
693975
981384
972997
947098
968253
926003
976738
948718
960617
913912
806329
1026986
954408
432652
299346
540671
645331
714213
763656
811336
719442
743398
1004317
992678
956604
956595
957208
958375
954884
957251
951749
968872
947854
963238
951649
922750
649974
396354
192361
52222
482446
889859
991527
846632
743656
492073
518570
233146
7081
