5453
6483
16008
250181
215567
168047
90393
92373
132227
149884
161262
136441
119865
236640
169520
280597
279954
284506
220401
222493
108787
56315
16982
75203
121441
175518
169132
108962
159109
164279
141394
102925
118017
115356
109190
142115
139890
144173
162306
96478
142023
189546
145609
133750
88316
75951
92842
109968
116556
92643
119511
175734
159942
190613
213934
196460
201226
139348
147881
127883
113035
236147
258215
171902
194865
183455
138530
174502
236176
293702
265446
282584
278214
275308
240311
209604
205952
212244
240877
230645
185758
171602
154905
187872
236267
260749
288697
273304
271409
290328
278133
274130
282587
249405
242475
270264
269817
263157
287961
243000
296308
288293
270183
190435
187318
100281
89519
137031
97313
85143
185802
213113
166043
132205
199334
161079
206945
174990
162875
145657
133118
95144
145671
165057
186267
203542
235744
183511
144117
139501
161570
108327
106217
148961
171320
123992
139359
120887
255500
249721
247959
293143
140485
135222
219796
300055
238201
224898
211353
155729
211594
188828
235009
271469
222439
294137
292622
271776
287554
281740
245873
272101
186774
299829
283079
278217
268359
294943
244372
195977
268650
246129
194432
210145
283879
274639
171847
138741
130907
207210
297159
187707
180284
162529
128480
108612
195335
158307
198839
244169
311290
276883
284480
280653
278742
268800
177513
267956
304295
284629
282656
259231
294527
277851
274437
276590
253115
291949
267334
155886
92210
143866
164885
208451
207826
214315
204290
219412
246607
244544
237849
225352
212215
239567
233997
230393
227570
225540
232618
234617
218670
189255
135112
98283
51182
16795
151227
284289
293340
276532
237055
163405
184988
72643
2993
