11278
14270
57008
726734
752007
716914
342906
314469
411969
441990
493944
401785
377671
685539
598285
925215
1048853
872832
623366
572756
319489
179195
29829
216811
369027
538044
522546
365493
511349
509019
474242
334504
393638
385337
339300
450820
450274
438732
496522
331349
460032
571084
449727
421892
306424
262469
332298
380176
401985
323821
400194
449675
510775
530810
570645
516713
571635
426740
415344
392021
363006
619853
679285
529276
589615
540311
401043
531481
686430
893342
914543
889430
967207
1030991
710724
518210
570343
565112
679778
710239
518547
502556
442103
531884
686004
718339
781557
916721
790324
820962
870546
709182
727446
602511
584200
656714
729987
681127
797461
696303
806858
812121
927996
575506
524993
322921
324064
404868
317071
297507
539450
663483
514715
419886
672250
522994
613354
575443
467431
413579
398400
331370
415640
492414
584553
632293
660288
571203
437530
407344
498849
312050
299555
443255
481741
363675
437358
385659
879009
707085
694295
872703
444274
457751
772347
944270
727792
677941
614764
469895
595105
537940
686597
783162
576172
1072930
1186759
982353
980929
1113264
809972
901965
609982
1025139
1091040
1103608
910513
1108313
727359
580731
712730
590441
541564
684967
953749
963328
525332
410132
339621
628437
844039
506537
506521
460596
398469
352611
550553
466362
503432
678060
1168965
946190
875477
898170
913487
922819
655604
1091395
1160512
1016985
1108850
1029699
943889
1034746
1040298
999277
767497
920274
992866
441111
276063
484981
570884
610996
617699
631922
636453
672947
813739
869636
860109
792545
763509
887289
876376
855921
895648
821819
779303
848662
836541
646893
500040
337002
160978
33884
365802
704061
686889
722293
582236
473858
484488
242430
6805
