6866
8636
25002
410782
353516
290016
155522
159648
208857
233455
249909
211411
188209
374295
296261
451859
456749
448429
343278
341598
167172
88162
24647
116222
187051
270211
264946
171698
256115
262924
225765
165874
190417
182255
175669
228168
224536
228958
256774
153865
226409
297781
230170
215372
140516
121885
148197
176320
187269
147821
189769
275248
256756
292934
326741
297986
314161
220365
228202
197802
176049
379230
425021
283742
307447
290042
210998
278510
365736
473113
423016
451141
449986
442883
375583
325042
311252
324503
404236
376771
286199
266018
237235
290630
383483
434422
455472
451213
429920
467903
444136
409154
419779
366122
352547
400505
416039
392861
446447
377151
459034
445620
454366
299769
292837
159917
143928
211631
153949
138838
296816
335914
258813
212794
314501
254698
328522
285659
248805
225484
206509
151028
234023
252392
292388
321393
370453
288151
219856
210269
248949
163680
161129
229058
261056
185101
215390
185257
411990
389491
385725
464722
221283
215758
356495
472128
374610
343827
321127
234109
323644
290058
361403
421869
352460
461556
474436
437996
462329
453425
383666
430037
300706
480507
450156
448187
423745
474710
381751
302185
445655
372620
301494
330748
457719
438248
274152
211210
197505
325230
464504
289038
274304
246116
198631
170543
299220
247105
304830
376345
497127
436239
462071
449813
448528
440619
297824
470880
472141
451012
454653
428600
465812
448165
448329
432674
390513
482288
444692
226477
161983
274818
315302
365931
404141
424495
369397
403235
483415
453004
450980
449270
448028
449892
453756
442257
456261
450886
451701
450631
446664
430253
339146
213591
103855
25461
240633
436056
476886
425419
374478
247241
262981
113450
3988
