9481
12161
40465
730578
644802
555123
285286
285889
351359
390487
421730
356038
321205
633158
567480
793261
816734
779360
584285
571490
283103
153620
34088
202493
316972
446457
453349
303546
445034
463521
393984
286398
333951
322898
305893
399516
398962
397800
453118
281312
395993
502622
392667
373783
249879
212785
262534
313344
324905
261829
330520
420271
433692
486041
538091
491233
527022
383568
399972
337561
306329
633819
688879
498066
526135
492994
357531
478138
611737
811139
748783
785764
787577
776609
649090
554274
521425
550933
731037
657928
484426
450339
398536
486221
669039
783817
786832
813953
732090
805871
792050
664803
672446
581025
568905
646819
685291
633538
751747
628006
764029
742682
804600
511185
493333
275453
259113
367425
272571
247224
524973
583632
444643
378301
547587
443886
562391
510877
420761
375123
350633
269053
387830
423399
500781
554591
644256
503409
372525
352732
425786
277041
273364
387393
432995
312477
365838
318231
717497
662339
658429
805515
375957
381229
646003
806505
640200
586991
541585
393391
542348
487992
603824
713753
570859
792336
850614
739880
838778
787188
642950
730398
522739
807188
795146
784661
712074
848624
652042
510456
744152
605758
496679
552300
810661
760484
474433
361700
323104
554672
782972
477319
459728
407302
342887
295400
497347
421176
502026
629479
865256
741287
833084
786108
783221
781185
564223
814229
802148
780817
797880
757296
804113
783984
794036
754760
654776
849069
787606
354707
220814
381457
465539
532082
540163
571733
529527
548168
689436
714483
718773
686250
661181
710112
700147
691781
680953
670006
675006
696710
670108
571965
386100
265695
135796
43851
399900
731637
824033
698174
611400
398766
419978
190334
5801
